0.0 0.0 1 1
0.0 2.0 2 1
0.0 4.0 1 1
0.0 6.0 1 1
0.0 8.0 2 1
0.0 10.0 1 1
0.0 12.0 1 1
0.0 14.0 1 1
0.0 16.0 1 1
0.0 18.0 1 1
0.0 20.0 1 1
0.0 24.0 1 1
0.0 28.0 1 1 
0.0 32.0 1 1
0.0 36.0 1 1
0.0 40.0 1 1
0.0 45.0 1 1
0.0 50.0 1 1
2.0 50.0 1 1
4.0 50.0 1 1
6.0 50.0 1 1
8.0 50.0 1 1
10.0 50.0 1 1
12.0 50.0 1 1
14.0 50.0 1 1
16.0 50.0 1 1
18.0 50.0 1 1
20.0 50.0 1 1
24.0 50.0 1 1
28.0 50.0 1 1
32.0 50.0 1 1
36.0 50.0 1 1
40.0 50.0 1 1
45.0 50.0 1 1
50.0 50.0 1 1
50.0 50.0 1 1
50.0 46.0 1 1
50.0 42.0 1 1
50.0 38.0 1 1
50.0 34.0 1 1
50.0 30.0 1 1
50.0 26.0 1 1
50.0 22.0 1 1
50.0 18.0 1 1
50.0 14.0 1 1
50.0 10.0 1 1
50.0 6.0 1 1
50.0 2.0 1 1
50.0 0.0 1 1
50.0 0.0 1 1
46.0 0.0 1 1
42.0 0.0 1 1
38.0 0.0 1 1
34.0 0.0 1 1
30.0 0.0 1 1
26.0 0.0 1 1
22.0 0.0 1 1
18.0 0.0 1 1
14.0 0.0 1 1
10.0 0.0 1 1
6.0 0.0 1 1
2.0 0.0 1 1
0.0 0.0 1 1
55.0 50.0 2 0
55.0 50.0 2 1
60.0 60.0 2 1
70.0 65.0 2 1
80.0 60.0 2 1
85.0 50.0 2 1
80.0 40.0 2 1
70.0 35.0 2 1
60.0 40.0 2 1
55.0 50.0 2 1


